(16 6116166 666 11616116 (16111666

Ansina 616666661661666 1616616111, 161111 66 Ver, 666116 d'Oxford. 11.

78 (5), 97 (1).
8136161166. Voy. Adelulf.
6116611666616 66 1616616. 67 (8), 69
(16), 78 (5),
1116631616, (111666666616. 31 (16),
33 (11), 31 (11), 56 (30), 106 (15).
11666. Voy. (161616.
Aubigny (11666116, 611. 66 1166166666,

66666666. Voy. 0666.
1616616(86166-161. 611, 61 c. de 11661-

6116161). Voy. Guillaume comte d'.

Auxilium. Aide. 16 (6), 19 (31), 19

ωω6ω6ωηπω
66666

6116661166 (11666116). 31. 6’. Voy.·

111611616 66 3666166.

6. 66 3611616). Voy. (1613661666. 166161166611661166611.

366166, 361166 (8611116, 611. 66

Mans). Voy. Jean.

36111661. (36111661-116611116, 861116-

1111, 611. 66 3661616161, 6. 66 Lon·
61616166). Voy. (666.

36111166 regis. 16 (5), 17 (15), 18
(1810, 11), 19 (18), 21 (42), 18 (9),
19 (11), 81 (11,16, 18), 31 (30, 31),
33 (38), 81 (15), 37 (61), 50 (8), 52
(17, 18), 53 (19, 11), 55 (18), 57 (35),
101, 101 (9), 106 (11).

36666. 16611616111 66. 51 (12, 13).
Justiees du 3666. 101 (5), 105 (19).

Bangoriensis 6616666611. 366361.
Voy. Μ61116.

3616616. 10 (37), 31 (13), 66 (31).

3616666 regis. 3 (2, 3), 4 (4), 5 (7, 8),
31 11.

366661.(061116-16-366661, (16116666,
ar. et 6. 66 3616166.) Voy. 111616,
Foulques, Thomas.

3611166166616, episcopus. 36111166,

Jocelin.
Battle, 16 36161116 (866661), 611116 de.

Voy. 31611616.

36666116166 (peut-&tre 3666611166,
86166161, 61166 116116, 6. 66
&int-Romaiu). Voy. (16611661, Gui,
Payen.

36666166( (16 116361, Eure, 6. 66
361666). Voy. Roget.

36661166. 66 ( ).

3661611. Voy. Payen (16 3666666166.

Bello. Abbas 66. Voy. 361116.

3611666666 (66). Voy. Beauchamp.

Benedictus 1161166616 661666666.

366611 66 86666166, 61. 66
11661166161. 16, 10,16, 59.

3666661616 ecclesiasticum. 17 (10).

36161616 (361661616, 666116 66 8161-
1616). Voy. (1611166166.

3616616, 61. 66 86161-36116. 11,

Bigot. 1166116661.

3166161666 (sir william). 11111, 15.

361166, 361166 (361166, 11666116, 611.
66 saint-Lo, 6. 66 (16166166). Voy.
11661161.

Bolingbroke (Hem-y 61 saint-John,
161611666661). Lv111.

3616616. 3666616 (366163666-1661).
Honor 66. 10 (36), 31 (13), 55 (31).
36611666 66 861616, 6161616666 66

(1661613616. 71, 71.

31661116)1 (661 0666, 666116 66
Ν611116616166). xlx.

Brady(D‘R0be1-t). 11, 24.

31611666, 31666, 3166666 (3116666,
0166, 611. 6111666166). 59.

3166616 (Seme-151„ arr. 6636116,
6. 66 (1666111116). 1166366166.

Breve quod vocatur (1 Ρ166166 1. 18
(24), 54 (24).

- inquisicionis. 19 (16), 31 (36),
51 (16).

316661. 11663611166616.

31166 66 Lille. 59, 63.

311661166, filius comitis. 31166, fils
du comte 111616 3616661 66 316-
1666611.

3116616116. 1166316661.

Buckingham. (16611666166. Gau-
1161 (1111616.

 

